0.500013
-0.344415
-0.882707
-0.636396
0.175581
0.831492
0.748323
0.000000
-0.748323
-0.831492
-0.175581
0.636396
0.882707
0.344415
-0.500013
-0.900000
-0.500013
0.344415
0.882707
0.636396
-0.175581
-0.831492
-0.748323
-0.000000
0.748323
0.831492
0.175581
-0.636396
-0.882707
-0.344415
0.500013
0.900000
0.500013
-0.344415
-0.882707
-0.636396
0.175581
0.831492
0.748323
0.000000
-0.748323
-0.831492
-0.175581
0.636396
0.882707
0.344415
-0.500013
-0.900000
-0.500013
0.344415
0.882707
0.636396
-0.175581
-0.831492
-0.748323
-0.000000
0.748323
0.831492
0.175581
-0.636396
-0.882707
-0.344415
0.500013
0.900000
0.500013
-0.344415
-0.882707
-0.636396
0.175581
0.831492
0.748323
0.000000
-0.748323
-0.831492
-0.175581
0.636396
0.882707
0.344415
-0.500013
-0.900000
-0.500013
0.344415
0.882707
0.636396
-0.175581
-0.831492
-0.748323
-0.000000
0.748323
0.831492
0.175581
-0.636396
-0.882707
-0.344415
0.500013
0.900000
0.500013
-0.344415
-0.882707
-0.636396
0.175581
0.831492
0.748323
0.000000
-0.748323
-0.831492
-0.175581
0.636396
0.882707
0.344415
-0.500013
-0.900000
-0.500013
0.344415
0.882707
0.636396
-0.175581
-0.831492
-0.748323
-0.000000
0.748323
0.831492
0.175581
-0.636396
-0.882707
-0.344415
0.500013
0.900000
0.500013
-0.344415
-0.882707
-0.636396
0.175581
0.831492
0.748323
0.000000
-0.748323
-0.831492
-0.175581
0.636396
0.882707
0.344415
-0.500013
-0.900000
-0.500013
0.344415
0.882707
0.636396
-0.175581
-0.831492
-0.748323
-0.000000
0.748323
0.831492
0.175581
-0.636396
-0.882707
-0.344415
0.500013
0.900000
0.500013
-0.344415
-0.882707
-0.636396
0.175581
0.831492
0.748323
0.000000
-0.748323
-0.831492
-0.175581
0.636396
0.882707
0.344415
-0.500013
-0.900000
-0.500013
0.344415
0.882707
0.636396
-0.175581
-0.831492
-0.748323
-0.000000
0.748323
0.831492
0.175581
-0.636396
-0.882707
-0.344415
0.500013
0.900000
0.500013
-0.344415
-0.882707
-0.636396
0.175581
0.831492
0.748323
0.000000
-0.748323
-0.831492
-0.175581
0.636396
0.882707
0.344415
-0.500013
-0.900000
-0.500013
0.344415
0.882707
0.636396
-0.175581
-0.831492
-0.748323
-0.000000
0.748323
0.831492
0.175581
-0.636396
-0.882707
-0.344415
0.500013
0.900000
0.500013
-0.344415
-0.882707
-0.636396
0.175581
0.831492
0.748323
0.000000
-0.748323
-0.831492
-0.175581
0.636396
0.882707
0.344415
-0.500013
-0.900000
-0.500013
0.344415
0.882707
0.636396
-0.175581
-0.831492
-0.748323
-0.000000
0.748323
0.831492
0.175581
-0.636396
-0.882707
-0.344415
0.500013
0.900000
0.500013
-0.344415
-0.882707
-0.636396
0.175581
0.831492
0.748323
0.000000
-0.748323
-0.831492
-0.175581
0.636396
0.882707
0.344415
-0.500013
-0.900000
-0.500013
0.344415
0.882707
0.636396
-0.175581
-0.831492
-0.748323
-0.000000
0.748323
0.831492
0.175581
-0.636396
-0.882707
-0.344415
0.500013
0.900000
0.500013
-0.344415
-0.882707
-0.636396
0.175581
0.831492
0.748323
0.000000
-0.748323
-0.831492
-0.175581
0.636396
0.882707
0.344415
-0.500013
-0.900000
-0.500013
0.344415
0.882707
0.636396
-0.175581
-0.831492
-0.748323
-0.000000
0.748323
0.831492
0.175581
-0.636396
-0.882707
-0.344415
0.500013
0.900000
0.500013
-0.344415
-0.882707
-0.636396
0.175581
0.831492
0.748323
0.000000
-0.748323
-0.831492
-0.175581
0.636396
0.882707
0.344415
-0.500013
-0.900000
-0.500013
0.344415
0.882707
0.636396
-0.175581
-0.831492
-0.748323
-0.000000
0.748323
0.831492
0.175581
-0.636396
-0.882707
-0.344415
0.500013
0.900000
0.500013
-0.344415
-0.882707
-0.636396
0.175581
0.831492
0.748323
0.000000
-0.748323
-0.831492
-0.175581
0.636396
0.882707
0.344415
-0.500013
-0.900000
-0.500013
0.344415
0.882707
0.636396
-0.175581
-0.831492
-0.748323
-0.000000
0.748323
0.831492
0.175581
-0.636396
-0.882707
-0.344415
0.500013
0.900000
0.500013
-0.344415
-0.882707
-0.636396
0.175581
0.831492
0.748323
0.000000
-0.748323
-0.831492
-0.175581
0.636396
0.882707
0.344415
-0.500013
-0.900000
-0.500013
0.344415
0.882707
0.636396
-0.175581
-0.831492
-0.748323
-0.000000
0.748323
0.831492
0.175581
-0.636396
-0.882707
-0.344415
0.500013
0.900000
0.500013
-0.344415
-0.882707
-0.636396
0.175581
0.831492
0.748323
0.000000
-0.748323
-0.831492
-0.175581
0.636396
0.882707
0.344415
-0.500013
-0.900000
-0.500013
0.344415
0.882707
0.636396
-0.175581
-0.831492
-0.748323
-0.000000
0.748323
0.831492
0.175581
-0.636396
-0.882707
-0.344415
0.500013
0.900000
0.500013
-0.344415
-0.882707
-0.636396
0.175581
0.831492
0.748323
0.000000
-0.748323
-0.831492
-0.175581
0.636396
0.882707
0.344415
-0.500013
-0.900000
-0.500013
0.344415
0.882707
0.636396
-0.175581
-0.831492
-0.748323
-0.000000
0.748323
0.831492
0.175581
-0.636396
-0.882707
-0.344415
0.500013
0.900000
0.500013
-0.344415
-0.882707
-0.636396
0.175581
0.831492
0.748323
0.000000
-0.748323
-0.831492
-0.175581
0.636396
0.882707
0.344415
-0.500013
-0.900000
-0.500013
0.344415
0.882707
0.636396
-0.175581
-0.831492
-0.748323
-0.000000
0.748323
0.831492
0.175581
-0.636396
-0.882707
-0.344415
0.500013
0.900000
